s 1 1 3.5
n 5.12 3
n 5.43 2
n 5.97 4
g 6.56 3
g 7.43 2
g 8.00 4
n 8.53 1
n 9.33 2
n 9.95 3
n 10.59 2
n 11.16 3
n 11.47 2
g 11.80 1
gs 12.20 2 0.28
gs 13.25 1 1.87
ns 14.08 3 0.20
n 15.12 4
ns 15.77 2 0.20
ns 15.97 3 0.23
g 16.57 1
g 17.20 2
gs 17.83 4 0.64
g 18.60 1
g 18.67 2
g 18.74 3
ns 19.00 1 0.30
n 19.5 3
n 19.6 4
n 19.68 3
gs 20.12 2 0.28
gs 20.53 1 0.5
g 20.73 2
n 21.16 4
n 21.21 3
n 21.26 4
s 21.8 2 0.13
s 21.93 3 0.27
s 22.2 2 0.2
g 22.83 1
g 22.93 3
g 23.03 1
gs 23.47 2 0.17
gs 23.87 4 0.23
gs 24.1 2 0.2
g 24.7 3
g 24.8 3
g 24.9 3