s 1.73 2 0.40
s 2.37 4 0.43
gs 3.20 1 0.63
g 3.83 2
g 4.03 3
g 4.27 2
g 4.50 3
g 4.70 2
s 4.77 1 0.50
s 5.73 3 0.43
s 6.57 1 0.67
g 7.23 2
gs 7.43 4 0.20
gs 7.83 2 0.23
g 8.27 4
g 8.47 4
gs 8.50 1 0.27
s 9.13 2 0.2
s 9.33 3 0.2
gs 9.93 3 0.23
gs 10.17 4 0.23
gs 10.70 1 0.93
gs 11.63 2 0.47
gs 12.47 4 0.50
gs 12.47 4 0.50
n 13.33 3
s 13.53 1 0.37
g 13.97 2
g 14.20 1
g 14.40 2
gs 14.60 1 0.40
s 15.23 3 0.13
n 15.66 1
s 15.87 2 0.50
n 16.70 3
s 16.93 2 0.40
s 17.57 1 0.40
s 17.97 4 0.23
s 18.20 1 0.23
s 18.43 4 0.17
g 19.27 2
g 19.53 3
gs 20.30 4 0.23
g 20.73 1
gs 20.93 3 0.23
gs 21.37 4 0.20
g 21.57 2
g 21.70 1
g 22.00 3
gs 22.63 4 0.6
gs 23.47 2 0.57
gs 24.33 3 0.4
gs 24.67 1 2.23
gs 24.67 2 2.23
s 28.07 1 0.2
s 28.07 2 0.2
s 28.07 3 0.2
s 28.07 4 0.2
gs 28.13 1 0.87
gs 28.13 3 0.87
g 28.8 1
g 28.8 3
gs 29.4 2 0.3
gs 29.4 4 0.3
g 30.03 2
g 30.23 4
g 30.47 2
g 30.67 4
gs 30.87 1 0.63
gs 30.87 3 0.63
g 31.8 1
g 31.8 3
gs 32.12 1 0.46
gs 32.12 3 0.46
gs 32.57 2 0.63
gs 32.57 4 0.63
g 33.37 1
g 33.63 3
g 33.87 1
gs 34.27 3 0.5
g 34.9 1
g 35.12 3
gs 35.3 2 0.43
gs 35.3 4 0.43
g 35.93 2
g 35.93 4
gs 36.33 2 0.3
gs 36.33 4 0.3
g 36.8 1
g 36.8 3
gs 37.1 1 0.43
gs 37.1 3 0.43
gs 37.63 2 0.43
gs 37.63 4 0.43
g 38.73 2
g 38.73 4
gs 38.87 2 0.47
gs 38.87 4 0.47
gs 39.53 2 0.4
gs 39.53 4 0.4
g 40.2 3
gs 40.4 2 0.67
gs 40.4 4 0.67
g 41.63 3
g 41.87 3
n 42.27 1
n 42.9 2
n 43.12 3
n 43.77 4
s 43.97 1 0.43